0 0.4255076368255729 1.270703415707462
1 1.0749718930226335 1.0937452825219662
2 0.9580580668891346 1.0635545744304467
3 0.6974829366377511 0.7443101686529483
4 0.672321049422675 1.3525203025692991
5 1.3657773973564287 1.058050269104606
6 1.6210314091848037 1.0624098811157074
7 0.29961090105180244 0.9581426640037537
8 0.8853854155114457 1.259259019188176
9 1.8391938894239162 1.0862188565354154
10 0.8898016796897023 0.8671395440178218
11 1.3537719459232083 1.3728341892864817
12 0.868459544303076 0.9166792245716681
13 1.319692410438316 0.8479194430579108
14 1.3029550858531578 0.9064378817165306
15 0.9641051999418071 1.0169626261027676
16 0.7629832493982633 0.9096755554986282
17 0.9191524091407255 0.5386672982542522
18 0.9768109476014301 0.7869967081001437
19 1.3735751593012093 1.4209329418899574
20 0.9047848348830659 0.9729464004322331
21 1.096055102570248 1.0338233154564869
22 0.7716117850540498 0.7189380434850372
23 0.34759117259073047 1.3676522151876171
24 0.820855102078374 1.00857136930458
25 1.2109151256243202 0.9014180670369139
26 0.8697122270018832 0.9583834947243758
27 0.9620493063260336 1.2606004642519415
28 1.0358402990990399 0.5893871957341874
29 1.2224376377427184 1.000947284730074
30 1.3913899886259333 1.1773238229879663
31 1.0189683524015294 1.3741030029098396
32 1.1430664168817404 0.5807519697439187
33 1.0564397980123432 1.474942973528055
34 0.45912546373598295 1.319582484097186
35 1.0703962047533666 0.6348087816978248
36 0.820569927104156 1.1210053820480774
37 0.9327854968105613 0.8507227703224587
38 1.2023720062193224 0.6804880244859867
39 0.769594682668939 0.5678689979822396
40 0.6152814250494171 0.9005733603413892
41 1.0020137530305362 1.0236795591080123
42 1.2908982564005766 1.0444742137705834
43 0.48028898766825545 1.1179083895743722
44 0.9010627631101401 0.992466368370109
45 0.7945043201836524 0.9022734790059703
46 1.244480546439805 0.7995723763291287
47 1.2138021748398438 1.6792290088102728
48 1.0908561234489873 0.9652105357649172
49 0.41550325030991486 1.129325646875331
50 3.0409531553502194 2.6644144256695754
51 2.9460487638198587 3.3331377298374343
52 3.315641170681716 3.301598600617743
53 2.57017564772579 3.0543878416820265
54 3.658596392653762 3.0018742553427757
55 2.5208225961144195 2.858098283148832
56 2.942446388703067 2.747586624320742
57 2.6922035947800254 3.1943318224809523
58 2.8460384210818623 3.0808789767875737
59 3.201525864765495 3.2483433428053754
60 2.5725188466826823 2.6438388167609737
61 3.133608726794237 2.7044500648282828
62 2.9312872932229714 2.907287735459093
63 3.190168524050275 2.639943488646177
64 2.7039170495572287 2.694891209109442
65 2.8373323843669205 3.0721163781218985
66 3.261175165863657 3.0237463501781523
67 3.108957828849812 3.1313453326040888
68 3.4670030462419286 3.0169882600798403
69 3.038078304214525 2.940730594342151
70 3.103402797211566 3.082307161152207
71 2.8648596070554877 2.995044147450732
72 3.1008142247998283 2.8503977363214172
73 2.8517422201910065 3.1347704232089573
74 3.446207048868251 3.477487172284376
75 3.130458174689674 3.006096316907429
76 3.137352211535375 2.9299037011176927
77 2.8469689427977833 3.001827521333692
78 3.5242792360927044 2.6750443099695005
79 2.868961938669296 2.70751468958017
80 3.2628532389471507 3.2160202550403154
81 3.3676210083353486 2.638195495435758
82 3.4354500733180466 3.4495693709781063
83 2.7665431793786683 3.094438885009064
84 2.976339116773969 2.9819568356352564
85 3.32881049702268 2.9443672184292167
86 2.5953043814178542 2.76804292891533
87 3.0373969919033357 3.4693212264216657
88 2.938190015984834 3.303114285242718
89 3.253952100838082 3.0891184376338474
90 3.192901724357981 2.5464570037836896
91 3.3000389098944125 2.8793524298786313
92 3.0078981726197647 2.7282041234357566
93 3.1171213912499636 3.2538937285347496
94 2.8236845569568905 3.164983260347997
95 2.962121047602673 2.828614149247347
96 2.7623915643609687 3.4254870564661513
97 3.2451681060222115 3.176469218978486
98 2.718826301111865 3.151215882155847
99 3.095602884413929 3.333471024748408
